Warning: Name is nonexistent or not a directory: E:\FUZZY FIS\Direktori 
>> Y=[Yt Yt1 Yt2];
>> Y

Y =

   27.9000   27.7000   28.2000
   25.7000   27.9000   27.7000
   23.1000   25.7000   27.9000
   20.6000   23.1000   25.7000
   21.2000   20.6000   23.1000
   22.4000   21.2000   20.6000
   25.1000   22.4000   21.2000
   25.5000   25.1000   22.4000
   25.6000   25.5000   25.1000
   28.3000   25.6000   25.5000
   29.0000   28.3000   25.6000
   28.1000   29.0000   28.3000
   29.0000   28.1000   29.0000
   26.0000   29.0000   28.1000
   23.6000   26.0000   29.0000
   22.5000   23.6000   26.0000
   21.5000   22.5000   23.6000
   22.0000   21.5000   22.5000
   24.1000   22.0000   21.5000
   26.6000   24.1000   22.0000
   26.5000   26.6000   24.1000
   29.2000   26.5000   26.6000
   30.2000   29.2000   26.5000
   30.1000   30.2000   29.2000
   32.5000   30.1000   30.2000
   26.8000   32.5000   30.1000
   24.5000   26.8000   32.5000
   22.1000   24.5000   26.8000
   21.7000   22.1000   24.5000
   21.4000   21.7000   22.1000
   24.7000   21.4000   21.7000
   26.0000   24.7000   21.4000
   27.0000   26.0000   24.7000
   28.6000   27.0000   26.0000
   28.7000   28.6000   27.0000
   28.0000   28.7000   28.6000
   26.7000   28.0000   28.7000
   25.6000   26.7000   28.0000
   23.6000   25.6000   26.7000
   21.8000   23.6000   25.6000
   20.6000   21.8000   23.6000
   21.6000   20.6000   21.8000
   26.2000   21.6000   20.6000
   25.4000   26.2000   21.6000
   26.5000   25.4000   26.2000
   28.0000   26.5000   25.4000
   30.1000   28.0000   26.5000
   30.5000   30.1000   28.0000
   27.9000   30.5000   30.1000
   26.1000   27.9000   30.5000
   23.9000   26.1000   27.9000
   22.4000   23.9000   26.1000
   21.7000   22.4000   23.9000
   22.6000   21.7000   22.4000
   23.8000   22.6000   21.7000
   26.7000   23.8000   22.6000
   27.4000   26.7000   23.8000
   28.0000   27.4000   26.7000
   29.0000   28.0000   27.4000
   29.6000   29.0000   28.0000
   28.1000   29.6000   29.0000
   26.5000   28.1000   29.6000
   23.6000   26.5000   28.1000
   21.3000   23.6000   26.5000
   21.6000   21.3000   23.6000
   21.9000   21.6000   21.3000
   24.1000   21.9000   21.6000
   26.4000   24.1000   21.9000
   26.5000   26.4000   24.1000
   30.5000   26.5000   26.4000
   29.6000   30.5000   26.5000
   30.0000   29.6000   30.5000
   27.5000   30.0000   29.6000
   26.9000   27.5000   30.0000
   24.5000   26.9000   27.5000
   21.1000   24.5000   26.9000
   22.0000   21.1000   24.5000
   22.8000   22.0000   21.1000
   23.5000   22.8000   22.0000
   25.2000   23.5000   22.8000
   26.7000   25.2000   23.5000
   26.8000   26.7000   25.2000
   29.0000   26.8000   26.7000
   28.2000   29.0000   26.8000
   29.1000   28.2000   29.0000
   26.7000   29.1000   28.2000
   25.4000   26.7000   29.1000
   20.2000   25.4000   26.7000
   20.8000   20.2000   25.4000
   22.3000   20.8000   20.2000
   24.0000   22.3000   20.8000
   26.4000   24.0000   22.3000
   25.9000   26.4000   24.0000
   27.9000   25.9000   26.4000

>> max(Y)

ans =

   32.5000   32.5000   32.5000

>> min(Y)

ans =

   20.2000   20.2000   20.2000

>> std(Y)

ans =

    2.9403    2.9387    2.9509

>> mean(Y)

ans =

   25.5798   25.5777   25.6021

>> std(Y)

ans =

    2.9403    2.9387    2.9509

>> std(Y)/7

ans =

    0.4200    0.4198    0.4216

>> std(Y)/3

ans =

    0.9801    0.9796    0.9836

>> format short;
n=length(Yt); 

Yt11=trimf(Yt1,[14.05 20.2 26.35]);
Yt12=trimf(Yt1,[20.2 26.35 32.5]);
Yt13=trimf(Yt1,[26.35 32.5 38.65]);

msinput1=[Yt11 Yt12 Yt13];
mem1=zeros(n,1); 
ket1=zeros(n,1); 

for i=1:n 
 mem1(i)=max(msinput1(i,:)); 
 if max(msinput1(i,:))==msinput1(i,1);
  ket1(i)=1;
  elseif max(msinput1(i,:))==msinput1(i,2);
   ket1(i)=2;
   else max(msinput1(i,:))==msinput1(i,3);
    ket1(i)=3;
 end
end

angin1=[ket1 mem1];


Yt21=gaussmf(Yt2,[0.9801 20.2]); 
Yt22=gaussmf(Yt2,[0.9801 26.35]);
Yt23=gaussmf(Yt2,[0.9801 32.5]);

msinput2=[Yt21 Yt22 Yt23]; 
mem2=zeros(n,1); 
ket2=zeros(n,1); 

for i=1:n 
 mem2(i)=max(msinput2(i,:)); 
 if max(msinput2(i,:))==msinput2(i,1);
  ket2(i)=1;
  elseif max(msinput2(i,:))==msinput2(i,2);
   ket2(i)=2;
   elseif max(msinput2(i,:))==msinput2(i,3);
    ket2(i)=3;
  end
end

angin2=[ket2 mem2];


Yt01=trapmf(Yt,[14.66 19.59 20.81 25.73]);
Yt02=trapmf(Yt,[20.8 25.7 27 31.9]);
Yt03=trapmf(Yt,[26.97 31.88 33.12 38.03]);


msoutput=[Yt01 Yt02 Yt03 ]; 
memou=zeros(n,1); 
ketou=zeros(n,1); 

for i=1:n 
 memou(i)=max(msoutput(i,:)); 
 if max(msoutput(i,:))==msoutput(i,1);
  ketou(i)=1;
  elseif max(msoutput(i,:))==msoutput(i,2);
   ketou(i)=2;
   elseif max(msoutput(i,:))==msoutput(i,3);
    ketou(i)=3;
 end
end

angou=[ketou memou];

member=[ket1 ket2 ketou]; 


rdeg=zeros(n,1); 
for i=1:n
 rdeg(i)=mem1(i)*mem2(i)*memou(i); 
end

%seleksi rule
memdeg=[member rdeg]; %rule beserta rule degree
rule=member;%inisialisasi rule
%proses seleksi rule, looping membandingkan antar baris
for i=1:(n-1)
 for j=(i+1):n
   if (member(i,1)==member(j,1))&(member(i,2)==member(j,2))&(member(i,3)~=member(j,3)) %kondisi jika input sama output beda
    if (max(rdeg(i),rdeg(j))==rdeg(i)) %membandingkan maksimum rule degree yg tidak maks di nolkan
     rule(j,:)=0;
    elseif (max(rdeg(i),rdeg(j))==rdeg(j))
     rule(i,:)=0;
    end
   elseif (member(i,1)==member(j,1))&(member(i,2)==member(j,2))&(member(i,3)==member(j,3)) %kondisi jika input output sama utk beberapa
    if (max(rdeg(i),rdeg(j))==rdeg(i)) %yang tidak maks di nolkan
     rule(j,:)=0;
    elseif (max(rdeg(i),rdeg(j))==rdeg(j))
     rule(i,:)=0;
      end
     end
   end
  end


%menghitung banyaknya rule yang terbentuk
k=0;
for i=1:n
 if rule(i,:)~=[0 0 0]
  k=k+1;
 end
end

%menampilkan ringkasan rule yang terbentuk
rulejadi=[0 0 0 0];
for i=1:n
 if rule(i,:)~=[0 0 0]
 rulejadi=[rulejadi;rule(i,:) rdeg(i)];
 end
end
rulejadi=rulejadi((2:end),:);
>> rulejadi

rulejadi =

    3.0000    3.0000    2.0000    0.0499
    2.0000    3.0000    2.0000    0.6999
    2.0000    1.0000    2.0000    0.3458
    1.0000    1.0000    2.0000    0.7106
    2.0000    2.0000    2.0000    0.8357
    3.0000    2.0000    3.0000    0.3572
    1.0000    2.0000    1.0000    0.6252

>> fuz=readfis('coba1');
in=[Yt1 Yt2];
out=evalfis(in,fuz);
ts1=timeseries(Yt,1:94);
ts2=timeseries(out,1:94);
plot(ts1,'.-b');
hold on
plot(ts2,'s-m','Markersize',6);
xlabel('Time');
ylabel('Observed');
title('Actual vs. Predict');
legend('Actual','Predict');
Undefined function 'gt' for input arguments of type 'cell'.

Error in mfdrag (line 39)
    if which_mf > size(mf_type, 1)

Error in mfdrag>localButtonMotionFcn (line 229)
    mf_type = deblank(feval(mfilename, 'get_current_mf'));
 
Error while evaluating figure WindowButtonMotionFcn

>> max(Y)

ans =

   32.5000   32.5000   32.5000

>> min(Y)

ans =

   20.2000   20.2000   20.2000

Undefined function 'gt' for input arguments of type 'cell'.

Error in mfdrag (line 39)
    if which_mf > size(mf_type, 1)

Error in mfdrag>localButtonMotionFcn (line 229)
    mf_type = deblank(feval(mfilename, 'get_current_mf'));
 
Error using axes
Error while evaluating figure WindowButtonMotionFcn

Undefined function 'gt' for input arguments of type 'cell'.

Error in mfdrag (line 39)
    if which_mf > size(mf_type, 1)

Error in mfdrag>localButtonMotionFcn (line 229)
    mf_type = deblank(feval(mfilename, 'get_current_mf'));
 
Error while evaluating figure WindowButtonMotionFcn

>> std(Y)

ans =

    2.9403    2.9387    2.9509

>> std(Y)/3

